"":1.0,0.1,1.0,0.1,1.5,0.5,0.1,1.5,0.1,0.5,0.1,0.1
"Maj":1.0,0.1,1.0,0.1,1.5,0.5,0.1,1.5,0.1,0.5,0.1,0.1
"M":1.0,0.1,1.0,0.1,1.5,0.5,0.1,1.5,0.1,0.5,0.1,0.1
"Maj7":1.0,0.1,1.0,0.0,1.5,0.5,0.1,1.5,0.1,0.5,0.0,1.5
"7":1.0,0.1,1.0,1.0,1.5,1.0,0.1,1.5,0.5,0.5,1.5,0.1
"7(A)":0.5,0.1,1.0,1.0,1.5,1.0,0.1,1.5,0.5,0.5,1.5,0.1
"7(B)":0.5,0.1,0.1,1.0,1.0,1.0,0.1,1.5,0.5,0.5,1.5,0.1
"m":1.0,0.1,1.0,1.5,0.0,0.5,0.1,1.5,0.1,0.5,1.0,1.0
"m7":1.0,0.01,1.0,1.5,0.0,0.4,0.0,1.0,0.01,0.5,1.0,0.1
"mb5":1.0,0.1,1.0,1.5,0.0,0.5,1.5,0.1,0.1,0.5,1.0,0.1
"dim":1.0,0.1,1.0,1.5,0.0,0.5,1.5,0.1,0.1,1.5,0.1,0.1 
